sampleid	FTG1	FTG10	FTG2	FTG3	FTG4	FTG5	FTG6	FTG7	FTG8	FTG9	FWT1	FWT2	FWT3	FWT4	FWT5	FWT6	FWT7	FWT8	FWT9
L-Thyronine	2.047465752	1.128607444	1.541643102	1.217416181	0.941477434	0.906387803	0.783322729	1.517553984	1.930239829	1.323817812	1.268315089	1.846129592	1.323290872	1.361072823	0.785225068	1.030873963	1.336626295	1.419570427	1.417820997
N-Acetylserotonin (N-Acetyl-5-hydroxytryptamine)	0.000577756	0.000828827	0.000860009	0.000913371	0.003030551	0.000964772	0.000846461	0.000883119	0.001046567	0.002813715	0.00111355	0.000445772	0.000665477	0.000846608	0.000698334	0.000761486	0.00194857	0.001066997	0.000545066
N-acetyltryptophan	1.18E-05	6.90E-06	4.15E-06	3.85E-06	3.79E-06	7.12E-06	2.68E-06	1.84E-05	6.14E-06	2.18E-05	1.57E-06	9.14E-06	1.20E-05	4.25E-06	4.09E-06	3.67E-06	3.94E-06	1.81E-06	4.92E-06
2-Hydroxy-2-methylbutyric acid	1.78E-05	8.16E-06	3.97E-05	1.29E-05	8.87E-06	7.63E-06	6.40E-06	2.48E-05	3.18E-05	4.22E-05	1.82E-05	3.09E-05	2.28E-05	1.80E-05	8.99E-06	2.59E-05	1.51E-05	1.41E-05	2.03E-05
N-Acetyl-L-tyrosine	0.000120937	0.000176532	0.000152023	0.000146379	0.000179954	0.000148771	0.000166671	0.000295655	0.000327303	0.000469758	0.000159742	0.000226056	0.000217332	0.000209313	0.000196828	0.000149479	9.21E-05	0.000155195	0.000108238
Spermidine	0.001144811	0.001302724	0.000794131	0.003261001	0.001792927	0.001776998	0.00197984	0.00174935	0.001847529	0.002157689	0.000258671	0.000449077	0.000412506	0.001727932	0.000645736	0.000761578	0.000737584	0.000795305	0.000797343
3-Hydroxybenzoic acid	0.002207178	0.003412822	0.002716654	0.003270036	0.003201244	0.002043211	0.001950365	0.004648039	0.007578278	0.008604869	0.001004166	0.003885299	0.003373179	0.002145279	0.002313353	0.00171208	0.003505045	0.00451963	0.001829393
Benzoic acid	6.71E-05	7.44E-05	7.06E-05	6.49E-05	7.91E-05	5.39E-05	5.88E-05	0.000100638	0.000120982	0.00011975	4.26E-05	5.58E-05	8.54E-05	0.000101651	5.62E-05	6.66E-05	6.51E-05	6.16E-05	9.51E-05
Hippuric acid	0.000329733	0.000924985	0.000764664	0.002108209	0.000821382	0.000255493	0.000189682	0.001070943	0.00405142	0.002006246	0.000145512	0.000197857	0.000141344	0.002103745	0.027412119	0.001047439	0.000152087	0.004965172	0.055101161
Homovanillic acid	0.001758537	0.001067988	0.00270103	0.002683539	0.003292303	0.001544123	0.001236744	0.002468933	0.005187866	0.005590626	0.00170178	0.002772596	0.002496234	0.002820681	0.002215493	0.001790858	0.000744969	0.002344265	0.000919303
p-Hydroxymandelic acid	5.37E-06	3.34E-06	6.14E-06	4.02E-06	5.52E-06	3.93E-06	4.42E-06	4.01E-06	8.13E-06	7.85E-06	2.15E-06	5.37E-06	4.45E-06	6.86E-06	4.64E-06	6.76E-06	2.59E-06	5.37E-06	3.65E-06
Phenyllactic acid	0.00014009	5.83E-05	6.01E-05	9.29E-05	0.000191866	0.000137758	0.000146342	8.49E-05	9.98E-05	0.000373813	0.00019319	7.04E-05	7.01E-05	0.000184558	8.23E-05	4.61E-05	1.27E-05	0.000131214	6.59E-05
Salicyluric acid	3.58E-06	2.19E-06	2.88E-06	3.32E-06	1.48E-06	3.87E-06	3.05E-06	3.00E-06	3.52E-06	3.18E-06	2.35E-06	1.56E-06	1.06E-05	4.59E-06	1.27E-05	1.37E-05	2.13E-06	4.15E-06	3.20E-05
3-Aminosalicylic acid	0.001646813	0.001098298	0.002617386	0.002668673	0.002614836	0.001396285	0.001459845	0.001975827	0.002949853	0.002328013	0.001760815	0.001330112	0.001949065	0.002064892	0.001008645	0.002485138	0.001278232	0.001745161	0.001947168
Hyocholic acid (HCA)	0.354486188	0.128969764	0.220466284	0.568226957	6.780619251	0.36797817	0.295763604	13.32770442	0.276703428	29.59711463	0.186705142	5.757862003	3.67803439	1.371798622	0.207246744	0.897873589	0.176657371	0.193698816	0.201157826
7-Dehydrocholic acid (7-DHCA)	0.039493786	0.069204708	0.028726927	0.061985182	0.171832562	0.056027514	0.056600037	0.204775545	0.171914593	0.311405906	0.024900627	0.036523118	0.050263898	0.061319096	0.03304824	0.052522116	0.035047502	0.042270468	0.036192779
Apocholic acid	1.92165076	4.12314036	4.05644749	8.333596113	6.12246129	7.10780901	6.690541276	5.174043616	6.351016737	7.322856338	3.756252743	1.15008023	3.380689498	7.779217059	4.964954259	4.334728126	3.256220454	3.102969274	8.389145196
Beta-Muricholic acid (b-MCA)	1.420724848	1.266896123	0.574889016	1.016383725	5.545852135	1.350054043	1.115920279	2.363106937	1.692246798	2.187223944	0.485056545	0.878933494	1.660669705	0.949316564	0.623668	1.276760227	0.971932474	0.718118678	0.958265444
Beta-Hyodeoxycholic acid (b-HDCA)	0.159839552	0.100033956	0.112256464	0.151063228	0.398032769	0.124161133	0.111989833	0.122816718	0.173338869	0.292689634	0.081956901	0.070147058	0.149084693	0.088526079	0.089240333	0.142685624	0.156869379	0.081212426	0.139510177
Glycolithocholic acid-3-Sulfate	0.310334468	0.047854396	0.087252808	0.168135901	0.224449496	0.158292981	0.176555197	0.075208817	0.100608139	0.059663124	0.035037695	0.050514176	0.057858099	0.047462389	0.036827558	0.056620844	0.041794953	0.067729678	0.044637357
Isodeoxycholic acid (IsoDCA)	11.7966847	5.813555358	7.460684501	10.25946337	18.59295774	7.29157026	8.768745661	11.17870348	13.76980356	10.63814137	5.233642625	5.320169157	10.1131467	7.003445144	5.905785309	9.492755999	6.488350332	5.533100573	8.212212886
Isolithocholic acid (IsoLCA)	0.001924987	0.00547115	0.004719382	0.001288658	0.002016328	0.006661636	0.008678974	0.015414753	0.005743485	0.00991599	0.001335468	0.005288161	0.007051907	0.004195063	0.006978803	0.0034826	0.006738018	0.00360419	0.009985101
Ursocholic acid (UCA)	0.046922367	0.104949326	0.019980215	0.149016544	0.351694893	0.070909612	0.067641269	0.083437732	0.076080159	0.193863404	0.043466861	0.029818772	0.043202288	0.063903353	0.018073326	0.067858529	0.039965995	0.053978473	0.064103428
Cholic acid (CA)	0.308672938	0.212626067	0.156413475	0.240555373	0.217066415	0.077625644	0.308080848	0.86959516	0.794756694	1.191602473	0.193378826	0.491689521	0.232538748	0.172887592	0.113039309	0.114266271	0.077133114	0.240143721	0.133291084
Deoxycholic acid (DCA)	10.85455872	5.265651527	8.496448288	10.93058219	18.01232722	7.295217725	7.983312882	10.78877983	13.19858142	9.489877865	5.109681922	5.159182541	8.777600819	6.843312311	5.488953902	8.679982179	6.242967944	5.069345833	7.874972352
Glycochenodeoxycholic acid (GCDCA)	0.000176694	0.000123882	0.000188558	0.000269058	0.000322399	0.000111535	0.000230334	9.72E-05	0.000152515	0.000381678	0.000157672	0.00021694	0.000284317	0.000136761	0.000117222	0.000131918	0.000223446	0.000195802	9.23E-05
Glycocholic acid (GCA)	0.001716597	0.000791197	0.000701201	0.001769222	0.001012681	0.001399785	0.001781846	0.002716785	0.003898581	0.004774746	0.001114711	0.00171267	0.003536736	0.000784657	0.001185982	0.000311588	0.000732041	0.002590632	0.00113954
Glycodeoxycholic acid (GDCA)	0.000435304	0.000524793	0.000357291	0.000668769	0.000598764	0.000376365	0.000693828	0.000363221	0.000266793	0.000708149	0.000165886	0.000681615	0.000701291	0.00081334	0.000329454	0.000219622	0.000114336	0.000323177	0.00035536
Glycohyodeoxycholic acid(GHDCA)	0.001464076	0.000572668	0.000757519	0.001243913	0.003149397	0.001267102	0.00354836	0.00254314	0.001374575	0.002915856	0.000658052	0.001977398	0.002096171	0.001816667	0.002280434	0.000817828	0.000895372	0.000450673	0.00238452
Glycolithocholic acid (GLCA)	0.000165172	4.13E-05	4.74E-05	9.77E-05	6.18E-05	0.000182903	0.0002572	0.000134118	0.000220706	6.14E-05	0.00018678	9.03E-05	0.000130759	0.000133907	2.59E-05	3.90E-05	0.000187897	0.000142981	9.63E-05
Hyodeoxycholic acid (HDCA)	11.38945859	6.212436044	7.409052725	10.27760712	17.90102803	7.402688614	9.699425847	10.28468696	16.479084	12.27368758	5.311843032	6.837577036	9.01620395	5.40926305	6.268623881	9.936163231	6.426318175	6.391745282	9.084607308
Lithocholic acid (LCA)	0.001847781	0.005462529	0.003680267	0.000950568	0.001840082	0.006484091	0.007632861	0.014806777	0.004199249	0.009025469	0.00192468	0.004122476	0.00860109	0.003614378	0.00514386	0.003454782	0.006375036	0.002569174	0.007739822
Tauro-a-muricholic acid	0.653517183	0.387460312	0.157029627	0.423700945	0.336502448	0.247949992	0.689956449	0.598501078	0.413873355	0.277054971	0.177289781	0.460819244	0.195997355	0.119982178	0.449085701	0.238799041	0.104487111	0.307137541	0.210932723
Tauro-b-muricholic acid (b-TMCA)	0.651130985	0.368211947	0.148632568	0.39682001	0.35681609	0.237984243	0.691496323	0.591920674	0.386638058	0.305757472	0.162672249	0.41617931	0.187164787	0.111264332	0.46696564	0.232994429	0.097957907	0.280847749	0.211041801
Tauro-w-muricholic acid	0.607198181	0.38595291	0.151652095	0.391214161	0.346048553	0.222156636	0.643526994	0.578084141	0.378681394	0.286079762	0.176094609	0.417948436	0.18449774	0.112869005	0.436846809	0.229502906	0.09168008	0.29665902	0.207797922
Taurochenodeoxycholic acid (TCDCA)	0.095866061	0.035984393	0.033584679	0.118072548	0.146504314	0.046143559	0.134729439	0.06476836	0.049287347	0.076974889	0.031847559	0.079435291	0.034470052	0.015999377	0.079573117	0.04412016	0.019442078	0.037730468	0.062107942
Taurodeoxycholic acid (TDCA)	0.093429686	0.030753579	0.035146013	0.116172614	0.148054767	0.045208157	0.138595099	0.063738988	0.047663883	0.071731094	0.03198085	0.077490777	0.034081332	0.017551438	0.091257879	0.042668095	0.021539097	0.039997568	0.060320015
Taurohyodeoxycholic acid(THDCA)	0.045674204	0.008274469	0.01295699	0.017613131	0.016304953	0.015564318	0.071312877	0.014355161	0.021001175	0.012845305	0.004391918	0.022343874	0.01138963	0.005370494	0.018542467	0.014136621	0.002777528	0.018427325	0.006580752
Taurolithocholic acid (TLCA)	0.004864323	0.001873027	0.002149092	0.004746119	0.003347318	0.002610103	0.014325508	0.002882944	0.002896149	0.005848749	0.001240372	0.004311695	0.002728503	0.00155964	0.005200707	0.003074181	0.000629664	0.003187319	0.003392364
Omega-muricholic acid (w-MCA)	0.002834994	0.001647919	0.001412772	0.002956705	0.006322209	0.001210215	0.001635798	0.010208678	0.005267479	0.013187096	0.000708442	0.004408896	0.001858957	0.00112881	0.001103349	0.000753397	0.001016497	0.001624082	0.001507974
Ribonolactone	0.00288833	0.002515025	0.002702662	0.005710314	0.004144035	0.002113133	0.002803282	0.004319394	0.004286472	0.009692058	0.001502238	0.003618595	0.002781869	0.001634884	0.001397879	0.001089336	0.001771353	0.002138639	0.007209214
10,13-Nonadecadienoic acid	0.433213713	0.400003799	0.608320934	0.341504377	0.285595468	0.222855564	0.230516998	0.666586184	0.667529089	0.486186548	0.566854759	0.729531764	0.556134518	0.526689156	0.809460857	0.722004823	0.878477192	0.38360597	0.844523936
12-Tridecenoic acid	3.288485089	3.901233887	1.75192921	1.918002788	0.75914514	0.558870702	3.011423603	3.673134635	4.588942276	1.296257157	1.908799577	7.616295399	1.900012341	2.962230466	1.611364799	2.15796678	4.7697569	1.913660846	1.630102349
2-Hydroxy-3-methylbutyric acid	0.000625692	0.001081216	0.002950999	0.000514239	0.000289908	0.000214956	0.000168798	0.002062946	0.003110565	0.00151899	0.000332803	0.002591957	0.001720287	0.001132789	0.000929972	0.001414375	0.000683771	0.000575703	0.00074716
2-Hydroxycaproic acid	0.044280845	0.023616459	0.048916648	0.025715809	0.011830469	0.022654817	0.024546752	0.043109707	0.037691907	0.08578257	0.027760496	0.052551275	0.065446506	0.023550303	0.016343014	0.050856999	0.041509595	0.030880548	0.034578363
Azelaic acid	0.003795817	0.003803666	0.007939246	0.002289679	0.002449614	0.001657456	0.001480162	0.00542761	0.010677674	0.003328893	0.005834939	0.005347904	0.010703191	0.00835922	0.015784619	0.00992476	0.011883204	0.002693403	0.017518529
Nonadeca-10Z-enoic acid	1.862319047	1.916285715	4.111086649	3.85541113	2.43724094	1.888479264	1.515279233	2.004192218	3.655157957	2.284656077	3.114438148	3.036370308	2.475335248	3.949036379	2.608790186	1.999242583	2.43485051	3.581578139	4.72098489
Palmitelaidic acid	1.759708826	1.856801386	2.11599097	1.852157997	4.172761491	4.357240887	2.490015538	1.779683658	4.003451037	2.79966981	2.759861947	1.751294897	2.445520729	4.216638546	3.02332885	3.547745927	2.95754153	3.237110333	4.42351407
Petroselinic acid	133.007088	146.6029462	184.3626479	232.911474	172.2883456	118.4083484	93.53270189	144.1497541	233.5545704	126.6148504	171.9724339	132.2544397	140.9486489	190.0945609	137.840647	143.5805354	145.0549573	165.6105325	170.5953602
Sebacic acid	0.000855204	0.001813078	0.00129203	0.0006606	0.001019781	0.000777727	0.000923689	0.000661922	0.000993218	0.001008474	0.001488944	0.000595553	0.002124507	0.001068562	0.002069526	0.001911621	0.00204618	0.000994705	0.002990251
Suberic acid	0.000561027	0.000882154	0.000781133	0.000397981	0.000782743	0.000350597	0.000282444	0.000560025	0.000846587	0.000519792	0.000967878	0.000819735	0.000812136	0.000839516	0.000845399	0.000884547	0.001974808	0.000426026	0.001843145
Oxoadipic acid	3.04E-07	3.23E-07	7.65E-07	5.63E-07	1.35E-06	5.71E-07	2.32E-07	5.30E-07	7.17E-07	1.23E-06	2.66E-07	3.35E-07	4.29E-07	3.96E-07	4.13E-07	3.05E-07	4.35E-07	4.25E-07	7.72E-07
1H-Indole-3-acetamide	0.005428378	0.002679001	0.001737984	0.002293733	0.003938449	0.002407021	0.0028888	0.002548586	0.002476968	0.004780152	0.003481106	0.002019756	0.00189339	0.006349249	0.001869638	0.00350842	0.001634133	0.003586817	0.005058417
Indole-3-carboxylic acid	2.69E-05	2.75E-05	2.77E-05	3.46E-05	1.55E-05	1.17E-05	2.93E-05	2.69E-05	7.02E-05	3.12E-05	8.30E-06	1.85E-05	2.68E-05	4.50E-05	3.86E-05	1.10E-05	6.77E-06	1.49E-05	2.94E-05
Indoleacetic acid	0.000321984	0.000209079	0.000351601	0.000264537	0.000144808	0.000178687	0.000140404	0.000346632	0.000485957	0.000439702	0.00044147	0.000217013	0.000249959	0.000230866	0.000252246	0.000223516	0.000171219	0.000529228	0.000158412
Indoleacrylic acid	2.90E-05	9.28E-06	1.95E-05	1.27E-05	1.90E-05	1.52E-05	1.84E-05	3.26E-05	1.44E-05	2.54E-05	1.41E-05	1.25E-05	1.73E-05	1.89E-05	5.80E-06	2.07E-05	1.14E-05	1.77E-05	2.93E-05
3-3-Hydroxyphenyl -3-hydroxypropanoic acid	5.50E-07	3.74E-07	6.32E-07	5.49E-07	5.44E-07	3.74E-07	1.99E-07	7.50E-07	1.32E-06	9.37E-07	3.90E-07	2.54E-07	9.98E-07	4.50E-07	2.82E-07	3.10E-07	2.82E-07	6.33E-07	2.70E-07
tryptamine	0.085152704	0.161809427	0.044159821	0.061978023	0.073787572	0.003228383	0.00466013	0.354780785	0.295262586	0.80164055	0.107071992	0.026462941	0.098919983	0.025381478	0.025490313	0.069792267	0.010766159	0.052491527	0.020006953
Indole-3-carboxaldehyde	3.14E-06	2.63E-06	5.42E-06	4.04E-06	4.41E-06	3.52E-06	5.91E-06	8.08E-06	3.82E-06	1.36E-05	1.31E-06	4.91E-06	5.14E-06	9.81E-06	3.30E-06	5.96E-06	3.89E-06	2.15E-06	7.61E-06
kynurenate	0.000297952	0.000250871	0.000258024	0.00032701	0.000636264	0.000295072	0.000643303	0.000400074	0.000313221	0.001632326	0.000133668	0.000245654	0.000383628	0.000232755	0.000284034	0.000728151	0.000157321	0.000184188	0.000172154
serotonin	0.014196772	0.005922716	0.00649066	0.010869173	0.007924377	0.002696366	0.006066482	0.012043598	0.025730948	0.0158491	0.009127882	0.006112652	0.012500641	0.004786473	0.00318349	0.003637383	0.002880096	0.006683516	0.0040247
xanthurenate	0.002762238	0.00266968	0.004185335	0.002672131	0.007059512	0.002006528	0.002927726	0.003360206	0.004279078	0.003261264	0.001644754	0.002008637	0.002983406	0.003734134	0.005596573	0.002299273	0.000526434	0.004069644	0.003816303
Vitamin B7	0.312593089	0.139451943	0.151514382	0.450696797	0.273044484	0.220353937	0.110431031	0.275561734	0.273914834	0.169175603	0.268312948	0.084335075	0.121636867	0.205244466	0.146817565	0.257088108	0.51604886	0.157038079	0.350866653
Dopamine	0.000431426	0.000342165	0.000483331	0.000728994	0.000563103	0.000253638	0.000401905	0.000538934	0.00094635	0.000623024	0.000319787	0.000405374	0.000525508	0.000425053	0.000196406	0.000399863	0.000333017	0.000369316	0.000398075
Epinephrine	6.78E-05	6.93E-05	0.000129966	0.000161713	0.000210369	7.35E-05	7.15E-05	9.13E-05	0.000210767	0.000186239	6.29E-05	9.90E-05	0.000135241	7.86E-05	8.39E-05	8.65E-05	6.66E-05	7.06E-05	0.000134268
Tyramine	0.002875676	0.001642088	0.00190598	0.002169315	0.001736745	0.001306331	0.001289539	0.002707633	0.005230155	0.0032554	0.001170524	0.002223656	0.003371121	0.001751149	0.001833642	0.001294014	0.001576719	0.001766088	0.001545339
Vanillylmandelic acid	1.49E-06	1.03E-06	1.98E-06	1.65E-06	2.07E-06	4.88E-07	1.77E-06	2.75E-06	2.81E-06	5.06E-06	9.72E-07	7.49E-07	5.99E-07	1.63E-06	9.72E-07	1.31E-06	3.00E-07	1.32E-06	8.19E-07
phenylacetylglycine	1.23E-06	3.35E-06	3.33E-06	9.21E-06	6.63E-06	6.21E-07	6.97E-07	4.86E-06	1.03E-05	6.90E-06	3.60E-05	3.05E-05	4.34E-05	8.90E-06	3.94E-05	3.59E-06	8.07E-07	1.86E-05	0.00013669
Equol	5.77E-06	4.69E-06	3.60E-06	6.97E-06	8.70E-06	1.05E-05	1.21E-05	1.09E-05	6.98E-06	2.37E-05	6.17E-06	2.85E-06	1.02E-05	4.16E-06	5.10E-06	7.46E-06	3.83E-06	6.98E-06	8.88E-06
p-hydroxyl phenylpropanol	1.14E-07	5.77E-08	6.52E-08	1.59E-07	2.53E-07	6.83E-08	1.08E-07	1.20E-07	1.42E-07	2.65E-07	4.68E-08	7.34E-08	8.88E-08	3.16E-08	4.30E-08	1.02E-07	6.18E-08	6.16E-08	5.40E-08
p-cresyl sulfate	0.056582379	0.10615196	0.09718827	0.076251836	0.063750096	0.038996297	0.0486676	0.054532273	0.085682648	0.107149705	0.074411076	0.053289519	0.141845671	0.081492149	0.16834483	0.087775435	0.122457639	0.059763587	0.185893121
arachidonoyl ethanolamide	1.226380687	1.362227665	0.742658865	1.426560414	1.002596036	0.965142024	3.898670255	1.636517308	1.235825728	3.050203734	1.250599894	1.33890003	1.207993101	0.585293899	2.492995414	2.595550039	1.871689807	1.70751692	0.552449809
Acetoin	7.71E-10	6.90E-10	1.28E-09	6.64E-10	8.66E-10	9.56E-10	8.59E-10	1.21E-09	3.59E-09	3.20E-09	6.54E-10	1.24E-09	1.42E-09	2.20E-09	1.40E-09	2.04E-09	6.38E-10	1.62E-09	1.41E-09
phenol	4.55E-06	2.97E-06	4.92E-06	6.23E-06	4.70E-06	3.48E-06	3.65E-06	1.01E-05	1.43E-05	1.26E-05	1.51E-06	6.89E-06	6.68E-06	3.03E-06	4.26E-06	3.09E-06	6.18E-06	8.27E-06	3.21E-06
Chlorogenic acid	0.000371595	0.000363712	0.000278519	0.000421826	0.000334813	0.000113957	0.00022003	0.00028957	0.000499063	0.000160802	0.000167513	0.000152543	0.000355374	0.000190343	0.000143002	0.000281181	0.000255245	0.000200998	9.33E-05
Docosanoic Acid	0.000236258	0.000333918	0.000379282	0.00021944	0.000368399	8.65E-05	0.000101986	0.000151381	0.000526714	0.000401077	0.000660015	0.000420535	0.000214903	0.000328289	0.000335087	0.000568419	0.000663184	0.000174635	0.000317055
Decanoic acid	1.26E-07	8.78E-08	1.02E-07	8.56E-08	1.21E-07	6.07E-08	1.22E-07	1.05E-07	1.95E-07	8.46E-08	1.02E-07	1.33E-07	9.46E-08	8.26E-08	8.92E-08	1.20E-07	1.57E-07	8.74E-08	2.51E-07
7Z,10Z,13Z,16Z-Docosatetraenoic acid	1.835659707	1.691812087	3.139530963	4.99509556	8.314417436	3.399374038	2.309767753	2.72413467	2.439126738	2.90880898	2.268399824	1.519986587	2.589565104	1.732358452	1.724481463	2.298562036	2.209721116	2.118187661	4.330303744
5Z,8Z,11Z,14Z,17Z-Eicosapentaenoic Acid	1.774082162	1.870509821	2.649395268	1.328648033	1.489822916	1.604457252	1.013952903	2.409139815	4.209749648	2.297720155	1.965007164	2.174796081	3.429383974	3.269133437	3.970595841	2.356567407	1.159545857	1.337066212	2.177056465
Gamma-Linolenic acid	7.241005419	6.611924906	14.02843848	9.130897851	5.255468279	11.77543472	8.6919013	5.810644678	6.765234889	5.965397798	20.36359466	7.046195583	11.07228632	8.413729088	18.76888464	7.380478533	4.064195051	13.5209909	9.539890499
Elaidic Acid	121.0269067	134.6508159	156.1502408	192.0648611	165.2651521	107.232586	92.12058308	116.282131	237.3260544	105.8944361	155.3223498	122.3827035	143.0243915	170.0950099	126.1550848	146.5593366	126.0624329	149.8496879	147.7093395
Hexanoic acid	0.006549434	0.005680987	0.003575202	0.011377909	0.005546476	0.003589577	0.005316661	0.003409814	0.008764031	0.004959156	0.001929289	0.003989563	0.004536702	0.001825456	0.002327322	0.002551364	0.001548398	0.007161785	0.000947346
Dodecanoic acid	0.004329088	0.004413282	0.005962919	0.006790782	0.004755952	0.004012668	0.003970638	0.003836495	0.007425667	0.004373138	0.004170129	0.003831157	0.004768166	0.006737201	0.004380702	0.004134849	0.007064105	0.004632407	0.005382023
Myristic acid	0.038617007	0.039591664	0.076100654	0.071209525	0.100879721	0.053116739	0.034826689	0.053798343	0.075285498	0.061802707	0.090349762	0.034673168	0.036879388	0.159661506	0.038413118	0.051506949	0.12466878	0.057526734	0.118220176
Oleic acid	94.76722548	52.99433529	125.4389145	73.67006768	64.85695869	51.47435149	50.84914234	69.56755952	76.13975567	51.10727729	114.2115378	63.48478482	84.39272052	54.60934489	68.00356595	74.18044732	59.82025807	75.05347487	60.304434
Palmitic acid	19.76280737	17.40929866	45.29007184	22.71907045	12.83868886	10.9082318	12.82321332	23.55708177	22.50390916	16.74667839	34.51967711	21.58978437	19.022897	22.64989304	24.56752699	13.1969488	23.25828742	25.89186407	21.01745256
Palmitoleic Acid	0.157857907	0.317605608	0.411946146	0.279538264	0.312442684	0.416835848	0.337492784	0.291054975	0.332073598	0.357834205	0.216295839	0.133609258	0.200246538	0.381529669	0.363393924	0.361897791	0.551511595	0.292930524	0.613622519
Stearic acid	33.64524045	37.50938697	54.8795612	30.11835151	40.35130696	19.27270767	13.68875965	32.0152374	47.79137658	33.67091648	50.92541272	39.51936191	39.25278224	40.53070926	33.93856911	36.4190431	48.31234726	33.29119907	34.12415875
Tricosanoic acid	0.031412207	0.053278118	0.037164271	0.051106455	0.047220316	0.013781705	0.012619302	0.019017237	0.115193477	0.036723035	0.068860588	0.071135944	0.03056703	0.067990531	0.044229538	0.068246639	0.083990244	0.035544024	0.051786639
10Z-Pentadecenoic Acid	0.013810983	0.01119522	0.022885346	0.019708048	0.018650494	0.016360336	0.009553542	0.010163575	0.016995869	0.009934481	0.017299255	0.00947148	0.012504275	0.037325141	0.019505765	0.015664247	0.019402743	0.017087106	0.02374409
11Z,14Z,17Z-Eicosatrienoic Acid	7.273322086	8.786077589	7.164369605	18.08532953	15.748756	10.00971218	6.937402826	6.030477367	9.30949685	11.80719617	5.974498634	2.844063562	4.297459388	6.77550962	5.463850017	6.840654946	6.29007175	7.057125243	14.80078903
11Z-Eicosenoic Acid	23.56146701	19.88781472	25.81207917	26.78892972	21.98144808	13.52235863	10.54881637	25.68566216	34.70958926	19.07230011	27.51464416	21.4333202	17.34907498	27.16137906	27.0799555	18.35107353	17.05401466	32.22619453	38.53544739
Arachidic Acid	2.294188904	5.337008354	5.715882997	5.516729698	3.992679274	1.220215432	1.156416546	1.979751658	9.943467988	4.446335949	7.276034463	8.025468082	3.375245367	8.535423177	4.686452807	6.991973039	13.33165885	3.141529493	7.213333133
Gamma-Aminobutyric acid	0.834814325	0.55906367	2.479958398	2.261409641	3.081245888	1.739058186	1.441729543	1.764219385	0.928201578	1.833615049	2.332684427	0.921179725	2.7725848	1.462716903	0.607384661	1.13544993	2.431816762	1.472526519	0.840950469
Glycine	0.002708067	0.002354458	0.001672809	0.001177683	0.001907104	0.00349257	0.003688257	0.002875141	0.001068704	0.00465558	0.002132099	0.001946947	0.00249406	0.002212426	0.003427796	0.001404086	0.005374689	0.002651336	0.002395583
Glycyl-L-leucine	1.600287066	2.224733582	0.295986201	0.211664594	0.304174815	1.050496825	1.643852063	1.50371266	0.283083317	1.016369519	0.228330695	2.470240612	0.894555958	0.552904811	1.947956458	1.980483415	1.797806923	1.575387394	1.145701938
L-Cystine	0.11787457	0.045294592	0.101276245	0.216449154	0.24224319	0.0816197	0.096109508	0.138431321	0.117357212	0.163027972	0.091017605	0.107445313	0.095634398	0.06124744	0.055961325	0.132283928	0.120082279	0.105226043	0.079731816
L-Glutamic acid	32.0120964	45.04597472	57.82641988	33.04244391	42.07223568	74.78803514	59.78384077	86.34273174	18.02000627	41.9098429	77.00002704	26.52618502	36.75665406	85.6441285	51.3931381	37.64823042	71.07103843	26.20881899	79.44583876
L-Glutamine	22.41235649	18.31569354	14.67515467	20.25594882	31.84627379	58.47529364	62.68028322	29.97489434	8.776838172	16.15997364	17.66659239	27.31322632	33.26274329	12.00686093	32.68643164	16.33861972	6.994248022	25.85387979	18.61172809
Ornithine	2.209938884	1.169651465	1.020232943	0.804017698	0.361319579	0.597316806	1.306531174	0.940245198	0.555132714	2.323962769	0.92713942	0.749534411	1.665667455	0.508370328	0.574013368	0.446917685	0.815083833	0.617378074	0.389755744
2,3-Diaminopropionic acid	0.331401679	0.133290699	0.332609766	0.55833623	0.45511014	0.308302681	0.23630814	0.308952324	0.200776957	0.236093221	0.398657262	0.359596614	0.284162383	0.316009823	0.155107523	1.284316084	3.415475543	0.785727932	0.235461533
5-Aminolevulinic acid	0.00600979	0.005108072	0.010459125	0.009835947	0.013623778	0.011334128	0.00443129	0.009587232	0.011102467	0.013168356	0.010630613	0.005035308	0.009202917	0.014300239	0.007693076	0.015679134	0.014232916	0.01788113	0.007243806
5-Hydroxylysine	0.000237883	0.000168704	0.000182449	0.00018165	0.000137059	0.00017524	0.000190038	0.000200104	0.000135587	0.00033065	0.000162947	0.000135404	0.000199416	0.000169295	0.000106628	0.000113606	0.000535912	0.000146235	0.000156501
Acetylglycine	0.582033679	0.335184584	0.59654773	0.850436464	0.64564598	0.408459763	0.354893379	0.44679009	0.918907678	0.977529788	0.230285427	0.771276537	1.258800873	0.62806104	0.320872341	1.146337865	3.177166542	1.933455822	0.400326912
Aminoadipic acid	0.00304407	0.002091136	0.004694759	0.002981945	0.003054296	0.002735182	0.001277348	0.003614064	0.003320649	0.00367186	0.005913675	0.001600614	0.004049974	0.003815125	0.003058322	0.003416125	0.006622022	0.003547291	0.000929946
Beta-Alanine	5.465092811	5.776894238	4.272413649	3.219680271	3.480846611	5.070527305	6.020873184	5.42516303	3.308640293	5.374343079	3.927572087	4.1675592	4.983821306	4.484209431	5.232693094	3.258195709	4.327274227	4.186293332	4.426000129
L-Alanine	9.086586209	9.81033621	7.46187504	5.238813868	5.854872293	9.179766264	10.52308237	9.117811236	5.700109353	9.033962442	6.85477445	6.995434863	8.416468612	7.738293164	8.523388952	5.682654586	7.328591314	6.976476909	8.002388009
Citrulline	32.16259166	31.26753321	34.72805734	30.79262993	63.11983241	75.73742363	59.03229397	48.73745188	12.45289862	37.83525318	60.41024947	25.54600577	50.77480995	46.23542769	21.42392165	26.88662907	24.27681123	24.51353457	27.48951161
Creatine	0.479342414	0.053158111	0.080447033	0.1065366	0.058816451	0.033757868	0.036747205	0.055341057	0.091628324	0.090136862	0.071727119	0.058785141	0.067292326	0.055305115	0.29164304	0.362817265	0.329351604	0.160115706	0.871476706
Glycylproline	0.000240987	0.000169779	0.00019426	0.000206715	0.000157555	8.76E-05	8.27E-05	0.000243999	0.000170128	0.000353762	0.000171202	0.00011794	0.000131453	0.000122107	5.23E-05	0.000101767	0.000150281	0.000112949	7.50E-05
L-Alloisoleucine	8.502224437	11.46766183	4.267198147	3.07200294	4.032305275	8.867838878	10.88491546	6.889878067	2.938518636	4.993601156	5.098385202	7.803748843	5.966185209	5.320777518	8.289846575	4.625816703	3.41409768	4.489902359	5.144198275
L-Alpha-aminobutyric acid	0.072765621	0.082630978	0.045123752	0.035242664	0.054035166	0.065329366	0.082296221	0.045429836	0.034751247	0.040929477	0.057044703	0.050523753	0.057090149	0.059049063	0.070287471	0.093925914	0.085262344	0.074713931	0.057090698
L-Arginine	4.129065184	6.656717102	1.845261242	1.888187319	2.953988924	6.535285311	11.59353032	7.799535646	1.67599945	2.276095899	2.481167598	8.686882852	3.91858265	2.640801992	7.008779139	2.337465603	1.57956469	5.322434806	5.084676343
L-Aspartic acid	0.001279642	0.001287726	0.000281458	0.000222649	0.000153592	0.000320773	0.000678331	0.001781294	0.000560534	0.000860947	0.000423475	0.001151166	0.000198806	0.000364318	0.000726919	9.22E-05	8.46E-05	0.000182935	0.000334922
L-Histidine	1.624546777	1.28831953	0.946508443	0.871005888	0.708136353	0.995212163	1.594557961	1.090808961	0.763627248	1.369523609	0.965588417	1.853654487	1.5822971	0.799551731	1.320302979	1.078682567	1.682056735	1.646924133	0.773321478
L-Homocitrulline	0.111267079	0.15871053	0.117957843	0.094798646	0.115343139	0.143499889	0.146215983	0.266032437	0.154665463	0.344275153	0.106308071	0.141457477	0.126222103	0.175697388	0.124755328	0.217661533	0.197584796	0.17314017	0.125916349
L-Isoleucine	5.023161715	5.350424041	2.982835287	2.410019099	3.644840136	6.854627944	5.995225374	3.302794583	2.030845391	4.218351802	3.66287272	4.943672743	4.815863413	2.656509278	6.105265951	5.617403697	4.519946647	6.919493613	3.059372374
L-Leucine	33.93046161	36.82830115	15.87815805	12.71275684	18.47899427	31.25969993	40.59119926	20.5923969	12.3769752	21.18625315	16.72542594	34.34497718	27.94299332	21.66047193	34.81827904	25.73954005	35.38977427	31.01145264	18.40190876
L-Lysine	9.902064727	14.24289208	8.291970763	5.678170923	7.736693612	12.07195318	17.12927268	11.7349725	3.692065984	9.900944751	10.46607899	10.61264818	10.63022459	9.545027929	9.019936215	6.547193265	10.82680598	8.060311624	9.473802593
L-Norleucine	0.435300386	0.462573855	0.22555477	0.194003164	0.256180848	0.532181517	0.531175178	0.305857941	0.159295344	0.326350278	0.289307777	0.400440061	0.430850794	0.315386109	0.536812067	0.444957449	0.33789975	0.497977753	0.328383282
L-Phenylalanine	172.6370181	221.6156567	65.32933823	68.82949747	101.1742666	160.3595039	184.1477793	133.3633103	83.87862492	150.4158133	67.61200227	225.2382239	118.7500108	108.6616069	200.8901403	232.5807826	211.1279185	185.0077764	134.5470764
L-Proline	67.42932223	43.17213214	53.80673648	69.44304679	42.7513024	64.08360584	80.79395016	47.48636674	37.32247591	131.4159164	42.08598237	74.50261931	91.32269142	47.73463965	55.90791184	61.9147827	38.2620294	51.47289605	63.66326833
L-Serine	4.843548847	4.174269778	3.133848625	3.021729742	2.675017612	4.606455042	5.978539613	3.565813288	1.987206444	2.487301065	3.297690956	4.311926351	3.620702649	2.09743505	4.778815756	2.695716306	1.723885154	3.090837707	3.703448168
L-threonine	4.013800185	4.214478344	2.4993675	1.82421342	2.311434411	3.6677163	4.66206901	2.918649849	1.58582733	2.348330892	2.434252609	2.973485807	2.898926284	2.152217473	3.273990803	2.098959641	3.588212672	2.246237663	2.902493149
L-Tryptophan	15.82802378	14.36683213	5.651716436	4.510188334	3.651817531	9.275166939	14.12620287	9.186576367	4.434738696	7.146735149	5.485500398	12.93537204	9.249084725	7.465236829	8.61531511	4.727240542	4.033189769	5.150789389	5.805015666
L-Tyrosine	12.27232333	14.0251973	4.574275805	3.807814095	5.373820213	10.67841004	14.84631822	9.189914953	3.471110957	8.434088741	6.228439625	10.43862671	9.204731819	5.50988776	9.391970936	7.541909268	7.690885105	8.130538755	6.650414203
L-Valine	2.896566689	3.015786044	1.304692268	1.21992561	1.626684281	2.605675344	3.743500872	1.681440184	1.17911739	1.652087982	1.178933649	2.887007974	2.212324118	1.402189873	2.835901678	2.355541426	2.843750939	2.566028611	1.617009308
Methylcysteine	0.00017009	0.000105802	9.57E-05	0.000131251	9.55E-05	0.000125037	7.46E-05	0.000139032	9.17E-05	0.000132051	8.27E-05	6.91E-05	0.00013503	8.19E-05	0.0001156	0.000154532	0.000140279	0.000112732	0.000111517
N-Acetyl-L-alanine	0.625844273	0.342711568	0.31588417	0.387088303	0.187413516	0.301789841	0.401186572	1.051737081	0.582154678	1.462100185	0.204200469	0.701332093	0.353662892	0.297845629	0.270798063	0.607047147	1.783830796	0.794332458	0.284786969
N-Acetylglutamine	0.140947047	0.098206665	0.1614917	0.116209136	0.110760552	0.097122361	0.064274058	0.217486528	0.104620128	0.130688881	0.081810357	0.115660482	0.162348713	0.235586821	0.058001684	0.069759126	0.13472837	0.091183552	0.241394252
N-Acetylserine	6.28E-06	5.49E-06	7.19E-06	7.48E-06	5.63E-06	8.61E-06	9.22E-06	7.68E-06	1.26E-05	7.99E-06	7.93E-06	2.37E-06	7.64E-06	7.12E-06	7.41E-06	8.70E-06	9.80E-06	7.34E-06	1.05E-05
Sarcosine	9.387067035	10.25134531	12.49230115	13.02124321	22.73635168	31.30715017	27.3216049	18.27365936	4.607934819	15.82573729	15.43737957	8.929500976	20.65639009	12.63904457	11.81909491	10.38670478	6.9881662	10.83112815	11.64638847
L-Homoserine	5.264942082	4.32900547	3.725465939	3.77055649	3.106838517	4.822307052	6.805780921	3.411290838	1.745237742	2.82674915	3.348199446	4.054961574	4.282864794	2.363872325	4.32687522	3.225475472	2.296503668	2.787318485	4.287972042
Norvaline	3.791320158	3.926980878	1.691924411	1.632874047	2.157683472	3.239859758	5.068602414	2.16155658	1.559505471	2.279560563	1.552514931	3.761404431	2.995630248	1.827077162	3.92747992	3.18775525	3.782317362	3.455283941	2.054349207
L-Cysteine	0.002979237	0.001334592	0.00545295	0.009339105	0.009234575	0.006386205	0.004041684	0.008040248	0.003177827	0.008999796	0.004484369	0.003797991	0.00968362	0.003711046	0.004805501	0.004902975	0.005169549	0.004625917	0.00367893
Putrecine	0.10157781	0.086153228	0.178252012	0.426289826	0.373728665	0.242957795	0.198352164	0.228858855	0.11427264	0.165718513	0.186095305	0.127243935	0.190386894	0.206166512	0.096057589	0.796585287	1.40604136	0.595087121	0.122884268
Hydroxypyruvic acid	0.170560896	0.090627577	0.779651887	0.280168183	0.564933211	0.265840499	0.096219667	0.117773736	0.206620071	0.243400983	0.218922014	0.130583126	0.138296572	0.348427176	0.506660926	0.331828375	1.30206341	0.442678448	0.279722062
N-Acetyl-D-glucosamine	0.394605609	0.367759159	0.354682368	0.505828316	0.647719239	0.404542396	0.294297609	0.294213804	0.222517107	0.361456904	0.393326536	0.179996582	0.36479947	0.648916374	0.266459871	0.58336221	0.529553851	0.464038963	0.303893485
D-Glucose	9.95E-05	0.000385168	0.000426067	0.000118152	8.44E-05	0.000227178	7.12E-05	0.001244843	0.00015089	0.000523392	0.000243379	0.000221348	0.000116579	0.000402104	0.000158578	9.56E-05	0.000355536	6.92E-05	0.00062532
D-Maltose	1.110037928	0.134737326	0.726273458	0.662303286	0.242113759	0.436876809	0.317124055	1.511286257	0.75952637	0.537278377	1.196265523	1.431174022	0.987881979	0.739260902	0.60293987	0.991782285	1.162457586	0.671755575	0.239027563
Erythronic acid	0.521150943	0.650378606	0.479811422	0.601716632	0.678182058	0.520289684	0.438421605	0.770384494	0.734679003	0.729981111	0.765319183	0.484287032	0.362974536	0.909568571	0.545406151	0.494683477	0.487805224	0.567429595	0.362685734
Glyceric acid	0.523785936	0.582429303	0.580059336	0.448634038	0.292474503	0.456278765	0.48142215	0.599897059	0.511447943	0.457551871	0.472167497	0.316282227	0.361511182	0.583439468	0.832866225	0.463098858	0.256491629	0.736714721	0.375851203
Rhamnose	9.59E-05	8.44E-05	9.81E-05	9.17E-05	9.60E-05	7.21E-05	8.57E-05	6.57E-05	8.56E-05	9.72E-05	7.23E-05	5.29E-05	9.60E-05	6.45E-05	7.42E-05	0.000194961	0.00012756	0.000206076	6.44E-05
Ribonic acid	0.015906748	0.004625944	0.009412378	0.009151126	0.005985043	0.01159432	0.00507984	0.018131427	0.015817176	0.026134821	0.007469404	0.016394099	0.004743705	0.023062109	0.005194239	0.011480323	0.016734115	0.009484211	0.008041738
Tartaric acid	0.001342769	0.001078579	0.001953276	0.003276697	0.003413735	0.002776091	0.002153378	0.002101766	0.001121048	0.001788496	0.003791653	0.002370593	0.002365934	0.001913073	0.00299945	0.005049213	0.003966635	0.003475895	0.002527848
Trehalose	0.195998944	0.16884486	0.276724282	0.142269201	0.216708963	0.236782347	0.116212978	0.220420858	0.36792226	0.486227753	0.276543901	0.646421301	0.475429081	0.251122172	0.304049195	1.071003189	0.669526261	1.113296093	0.170883727
Aminocaproic acid	0.180254402	0.143936106	0.227513114	0.325964474	0.194031996	0.158858317	0.188281545	0.266679532	0.209027795	0.149421444	0.251857544	0.157359187	0.179665232	0.261248078	0.26490034	0.608778143	2.551232558	0.564674975	0.265444509
Citramalic acid	0.029773116	0.028838304	0.067401136	0.080373118	0.066944008	0.068148627	0.037441401	0.069591931	0.06352395	0.049077882	0.079792355	0.025645162	0.049643713	0.135370706	0.035769804	0.059975259	0.132093445	0.055826127	0.068191776
Methylsuccinic acid	0.361809805	0.144090249	0.473731092	0.298138866	0.841819066	0.441415489	0.180203514	0.244076849	0.461993119	1.131971716	0.247902999	0.495848186	0.641501535	0.181780048	0.378758488	0.44198098	1.781919894	1.823228732	0.299294928
Citric acid	0.408641503	0.10204602	0.278212587	0.229542863	0.122265195	0.063197956	0.099450416	0.410896488	0.260427562	0.040684472	0.652823791	0.100532387	0.11358368	0.684174721	0.215098879	0.158178514	0.578001214	0.141033363	2.305984466
D-2-Hydroxyglutaric acid	0.724571634	1.087968877	1.83845073	0.819417234	0.504867195	0.775676448	0.668894534	1.246456054	1.44906272	0.880600766	1.192733783	0.56055483	0.647219974	2.904898933	0.859665257	0.785342534	6.601662197	0.724020653	1.687948156
Glutaconic acid	0.028561169	0.031554871	0.067526376	0.079095568	0.085165861	0.075070655	0.044278734	0.073168973	0.040392617	0.056766731	0.085181031	0.031166997	0.060303234	0.128051544	0.039778979	0.17013843	0.39859134	0.150656245	0.069255641
Glutaric acid	1.124693826	0.585508167	2.200830299	2.029335264	5.926681339	3.464907299	1.160533721	1.488075789	1.46398101	4.23368703	1.53825911	1.83501017	2.780262528	1.070415023	1.132318306	2.525492572	4.504349855	6.412720496	1.115775555
Glycolic acid	0.003866835	0.003889523	0.004819988	0.003944459	0.003559706	0.003151462	0.002950245	0.004019678	0.00509367	0.004772782	0.004047859	0.004170334	0.003205894	0.005055594	0.00390972	0.006463248	0.005867089	0.00514123	0.003368078
Itaconic acid	0.064908633	0.070695701	0.157526586	0.187845614	0.201352656	0.200313704	0.100912723	0.163883317	0.092293186	0.141496476	0.193410878	0.083919335	0.138649408	0.260164957	0.093578169	0.453344512	1.074175452	0.396840768	0.15344725
L-Malic acid	1.404376925	0.486283405	1.241092122	1.774298586	0.997826949	0.569831809	0.576501125	1.617426584	1.101674834	0.879923248	2.186329268	0.465661056	0.851796042	0.825656857	0.325233823	0.415182246	0.475865896	0.585131238	0.591280174
Maleic acid	1.947071759	1.584975384	0.843772087	1.872781274	1.966966023	1.681182256	1.466485981	1.997461917	1.181762325	1.839683769	1.250177239	0.589826555	1.686070868	1.246509626	0.537333649	1.587736812	1.441286613	1.66812636	0.443230093
Oxalic acid	0.000779926	0.000349388	0.001078612	0.001859409	0.001305749	0.000772529	0.000745995	0.000829006	0.000675828	0.0004125	0.001907758	0.000538303	0.000705342	0.001013777	0.000295485	0.001426041	0.002042455	0.001040081	0.000440916
Succinic acid	0.503279146	0.17131561	0.464524152	0.493385757	0.100216626	0.165034895	0.087579484	0.760322632	1.200153613	1.107925909	0.350383306	0.223902163	0.558573341	0.417333878	0.261175391	0.200979338	0.638497477	0.6405669	0.31868992
Adenosine monophosphate	1.89E-05	1.14E-05	2.12E-05	8.34E-06	1.54E-05	5.06E-06	5.52E-06	9.48E-06	3.99E-05	1.79E-05	3.34E-05	4.08E-06	8.77E-06	1.76E-05	6.93E-06	2.90E-05	7.77E-05	7.67E-06	1.37E-05
Guanosine monophosphate	1.05E-05	4.52E-06	4.49E-05	4.76E-06	1.04E-05	1.02E-05	2.57E-06	7.66E-06	2.55E-05	2.03E-05	2.99E-05	2.27E-05	3.22E-05	1.03E-05	1.05E-05	4.18E-05	9.47E-05	3.32E-05	1.39E-05
Quinic acid	0.038274297	0.021125154	0.070476238	0.094159032	0.076192388	0.062643029	0.039563958	0.217324397	0.040404309	0.068039521	0.075758033	0.083466675	0.070111141	0.068499467	0.038296894	0.067753185	0.088937978	0.073300798	0.047326238
Shikimic acid	0.007664263	0.004664594	0.015462573	0.027991155	0.027192794	0.020839824	0.011641447	0.016497779	0.013514769	0.011895053	0.018043963	0.011445288	0.020900279	0.009244351	0.008364217	0.014129471	0.018437514	0.01660638	0.006272772
Anserine	0.870713652	1.324799029	1.025102011	1.240196612	0.737633286	0.658424979	0.89593772	1.170645375	0.924875274	0.936871643	0.846824067	0.732233455	0.927725855	0.818111971	0.653593754	0.684866951	0.813608439	0.529755025	1.049480314
Guanosine-5-tridiphosphate	4.86E-07	3.30E-07	1.02E-06	1.79E-06	3.82E-06	1.05E-06	6.06E-07	1.23E-06	9.13E-07	1.92E-06	1.37E-06	4.44E-07	9.90E-07	6.96E-07	5.54E-07	8.48E-07	1.27E-06	1.12E-06	1.55E-06
a-Ketoglutaric acid	0.292266819	0.14009873	0.33143407	0.305059377	0.583721129	0.25097525	0.185420063	0.181625681	0.281950017	0.620177066	0.243984228	0.234654002	0.31593902	0.34763081	0.199722687	1.266047671	9.815426857	1.414271609	0.887465484
Riboflavin-5-monophosphate(FMN)	0.000240372	7.83E-05	0.000394721	0.000169942	0.000183481	0.000100187	3.88E-05	0.000158687	0.0001476	0.000166797	0.000387868	0.000236914	0.000144124	0.000200265	0.000163685	0.000436701	0.001073372	0.000168627	0.000156901
3-phosphoglycerate	0.000171563	0.000167283	0.000375057	0.000646237	0.000615145	0.000425274	0.001066469	0.000405047	0.000182929	0.001155138	0.000312013	0.000169514	0.001542708	0.000138407	0.000306922	0.010855925	0.001815331	0.000979268	0.000240484
Dihydronicotinamide-adenine dinucleotide phosphate(b-NADPH)	2.42E-08	1.75E-08	3.94E-08	3.41E-08	3.18E-08	3.23E-08	1.81E-08	2.77E-08	3.13E-08	3.04E-08	2.62E-08	2.88E-08	4.56E-08	2.69E-08	4.06E-08	5.91E-08	5.36E-08	9.55E-08	1.91E-08
Succinyl-CoA	3.37E-09	2.63E-09	8.38E-09	4.58E-09	4.17E-09	5.00E-09	2.08E-09	4.27E-09	7.03E-09	3.24E-09	2.21E-09	2.47E-09	4.10E-09	3.74E-09	4.90E-09	5.51E-09	5.00E-09	4.39E-09	3.41E-09
Quinolinic Acid	0.003394875	0.001373105	0.002663891	0.002337043	0.001530004	0.003185967	0.000426544	0.001744974	0.003591166	0.003464265	0.00644473	0.001812826	0.005029612	0.003448031	0.00194435	0.008560132	0.005633536	0.006127088	0.002559164
Vitamin B1	0.190628045	0.157764584	0.093644895	0.271646375	0.098615225	0.393364788	0.106560106	0.230327105	0.219420876	0.144037052	0.066151069	0.081448932	0.09532764	0.185333725	0.217716612	0.133834884	0.188054714	0.108179715	0.203493261
Vitamin B5	0.000172551	0.000153126	0.000331625	0.00024244	0.000273589	0.00027612	0.000102042	0.0002314	0.000225116	0.000352765	0.000290738	0.000116165	0.000177652	0.000620029	0.000385735	0.000286433	0.000615546	0.000705237	0.000969275
Acetylcholine	0.099336569	0.068226303	0.04407422	0.044118547	0.029795121	0.066138542	0.073665494	0.341015248	0.128960961	0.405571653	0.030205125	0.081878972	0.054411516	0.041944915	0.031125972	0.014280009	0.005021022	0.018451681	0.022160244
Trimethylamine-N-oxide	0.022717613	0.026024856	0.013933609	0.053152565	0.019321145	0.006016237	0.004251539	0.014452625	0.077065117	0.030223783	0.011649087	0.007066236	0.005016639	0.017709226	0.339915282	0.014235709	0.024514336	0.09877962	0.700856207
Trimethylamine(TMA)	0.040434135	0.017382471	0.028256299	0.024722579	0.027725509	0.033163243	0.027216953	0.283070173	0.049133591	0.46412177	0.025863194	0.061661751	0.027427096	0.031217303	0.030633549	0.025889241	0.018827075	0.039927765	0.022961646
betaine	0.041501504	0.017440056	0.031282331	0.023996097	0.011814182	0.015923192	0.011999265	0.056253792	0.044591089	0.046018735	0.022990717	0.039554227	0.035212652	0.017991534	0.035011932	0.013357099	0.003228535	0.009917654	0.026246282
choline	2.346120731	1.160833502	1.889328528	1.46942754	1.371279302	1.625099481	1.602116886	10.44641901	3.148970172	13.70632705	1.558087743	3.832012449	1.510040321	1.939847827	1.518845627	1.120263571	0.484803419	1.359029409	1.352966565
creatinine	0.4756936	0.054090965	0.082242122	0.10558927	0.055916774	0.033325712	0.037737856	0.057182545	0.09091096	0.090199766	0.071962803	0.059310504	0.069204637	0.054201968	0.301087657	0.095611362	0.307471756	0.16939326	0.898740752
carnitine	0.08627007	0.041525346	0.039742558	0.062827353	0.084633234	0.030137453	0.032779828	0.088483282	0.139828946	0.176216638	0.035852913	0.036536193	0.069224951	0.05467823	0.044013229	0.039155831	0.11737114	0.060880883	0.140688405
Taurine	0.598497872	0.036707675	0.1868437	0.919129197	0.337839867	0.16175731	0.464879505	0.324032442	0.085595779	0.912603699	0.030630396	0.147563527	0.512215925	0.05008917	0.137082623	0.168629744	0.241325789	0.308096641	0.112677046
Lactate (D-lactate)	0.828211181	0.505262068	1.057001421	0.425779487	0.179814817	0.284611083	0.348281328	1.207258601	1.184113699	1.794882239	0.483496109	0.949056855	1.118792252	0.398411251	0.425709468	0.299327281	0.477105925	0.846041341	0.355158595
hydroxyproline	6.66E-05	3.72E-05	8.56E-05	0.00016603	6.19E-05	9.98E-05	5.73E-05	0.000133283	9.37E-05	0.000134134	9.02E-05	3.17E-05	0.00010353	0.000134097	6.82E-05	9.17E-05	0.000113244	9.58E-05	6.47E-05
dimethylamine	9.30E-07	4.93E-07	4.16E-07	4.25E-07	6.41E-07	1.12E-06	4.37E-07	2.53E-06	8.59E-07	4.45E-06	3.87E-07	4.33E-07	4.52E-07	4.50E-07	1.06E-06	1.35E-06	1.76E-06	1.08E-06	1.85E-06
Imidazole Propionate	15.50648833	5.374560201	4.833953517	14.79887361	6.236040252	5.487467421	5.667128172	4.570158386	8.83431194	10.56940883	0.678160753	3.41620375	4.691141038	10.03473717	2.04107873	2.048084445	6.035168647	4.09890239	1.625387282
Leucyl-Glycine	0.194033299	0.306900781	0.197315366	0.056806918	0.058551427	0.074842846	0.340720448	0.286712431	0.098238372	0.304986411	0.129150163	0.243161071	0.167205989	0.123638903	0.297477946	0.304498647	0.276412199	0.242215273	0.176151281
